# Series: XTEXVA01KRM659S | Exports: Commodities for Korea | Growth rate same period previous year (%) | SA | Monthly
# Source: OECD Main Economic Indicators, via FRED | URL: https://fred.stlouisfed.org/data/XTEXVA01KRM659S
# Full range 1958-01~2026-06 | 여기엔 1984-01~2026-06 저장 | Accessed 2026-08-31
# 형식: 연도 뒤에 1~12월 값. 결측은 NA.
# ⚠ 이 계열은 **계절조정(SA)** 전년동월비다. 이야기꾼이 인용하는 관세청 원계열과 소수점이 다르다.
#   교차확인: 2026-01 OECD 32.30 vs 관세청 33.9 / 2026-03 OECD 48.86 vs 관세청 48.3 — 근사치로 일치.
# 갱신: scripts/oecd_kospi_monthly.py (⑩-b)
1984 51.66836 28.21095 19.30860 23.42490 23.44825 19.78449 17.31412 12.86241 3.83299 5.21535 28.15379 19.02349
1985 -17.62285 -10.52897 3.44937 2.29698 -0.54005 -2.32925 -1.29399 3.94015 10.16629 0.04080 18.89435 27.56292
1986 22.85494 26.99028 9.49761 8.22743 21.27319 18.94209 18.61955 25.57743 21.96418 25.67713 2.93739 -4.59149
1987 33.00510 30.14312 37.63169 47.21724 31.79813 37.19661 39.69364 21.98246 35.27165 27.37123 33.77948 50.53041
1988 40.14906 39.95493 32.35987 24.16787 21.21524 16.96178 27.09646 47.37814 25.01966 28.05920 32.04644 21.32045
1989 10.96957 5.34099 10.34308 3.59416 4.07933 7.49243 1.49451 -1.21931 2.31825 -0.06029 -1.76286 -4.54099
1990 -8.06521 5.09742 0.37836 2.09655 5.55208 5.13023 4.56064 2.93719 10.09955 1.46597 4.86862 15.05466
1991 15.34291 4.35954 8.40276 16.14924 19.53251 14.09414 5.00380 4.64246 -2.54086 20.66001 13.73692 9.42960
1992 15.58586 5.93384 10.92714 9.05204 2.00036 7.25247 13.41549 9.42703 15.46253 8.13752 -1.25397 -7.64235
1993 -1.47446 14.05353 7.62432 5.36907 6.06443 3.34067 4.77740 6.88273 8.16636 5.56794 10.28378 17.26711
1994 12.40858 4.66492 8.99572 13.64874 15.82377 15.10375 14.65015 16.26847 16.48787 18.05818 26.44455 32.02176
1995 28.37136 33.79561 31.77027 31.52729 35.46546 35.63130 38.12903 40.08092 32.36227 31.03709 22.31961 13.26832
1996 24.13500 18.93261 14.41805 6.01599 4.48441 1.07789 -5.24036 -9.22016 -7.29861 1.01851 1.49442 2.55063
1997 -7.48247 -7.54593 -1.92851 5.62812 5.23629 9.84331 19.03059 14.48401 13.32867 5.33911 4.42350 1.06117
1998 0.97518 16.30014 8.23029 3.82843 -2.26082 -7.51152 -14.88202 -11.46197 -6.70823 -12.43639 -3.81124 3.40356
1999 -1.22545 -14.71172 -5.28681 -2.87234 0.36486 12.17210 17.60589 15.81927 12.49142 25.22311 22.81868 21.03594
2000 29.88284 34.87514 23.55413 18.80578 27.02602 20.74432 22.35623 30.03083 25.70433 13.91120 5.58657 1.58148
2001 2.30083 4.98063 -2.39912 -9.96992 -9.55646 -14.23185 -21.53290 -20.06826 -18.62137 -19.55452 -18.64507 -18.08954
2002 -12.82038 -16.22586 -7.20082 9.16602 5.80068 1.13527 16.79595 18.25238 12.67985 23.46328 24.62346 25.59478
2003 25.87057 19.10617 18.23853 16.26493 6.30524 19.46275 16.44009 9.52695 23.57493 24.46611 21.66319 30.38092
2004 33.16028 41.81701 38.52221 36.10585 41.80641 38.69278 34.93167 29.53060 21.50308 21.44377 24.74358 20.28242
2005 15.94944 8.70598 11.34606 7.92112 9.68155 9.92432 9.89258 17.59086 17.72533 11.90482 12.48096 10.12855
2006 4.99378 15.52531 13.07337 11.43176 20.55010 17.67784 10.05405 17.43848 19.46876 12.61044 16.34937 14.90591
2007 19.28315 11.67506 12.89889 16.32738 11.72272 13.08709 17.92211 11.31228 1.57388 20.27759 19.33181 13.78829
2008 16.44540 18.52856 18.42155 26.77974 24.78463 19.10574 30.50198 21.69161 24.58726 9.34477 -18.95740 -19.32704
2009 -32.21079 -21.36045 -19.65023 -22.97514 -26.57228 -16.34779 -20.68684 -21.77808 -8.69518 -9.18903 19.23339 32.92898
2010 43.59147 31.59839 31.82425 31.06523 38.54283 31.37090 26.52843 25.75977 16.72396 27.57965 21.11297 25.05232
2011 39.70803 19.87023 25.12987 26.40065 19.50648 13.20024 19.90397 25.93935 17.91662 7.09570 13.16412 5.75801
2012 -4.78353 16.12804 1.30109 -6.75398 0.82498 -0.07337 -7.90676 -6.23960 -3.05666 2.28864 1.61204 -3.09843
2013 6.69458 -5.60126 -2.51522 2.00356 2.35991 -0.50350 3.11179 6.09520 -0.08340 4.91649 2.39425 4.66462
2014 1.26276 0.21939 4.99350 7.59596 -0.03807 1.97704 4.94563 -0.19096 5.58756 2.35958 -2.30524 2.34187
2015 -0.52139 -3.42306 -4.48699 -8.18517 -10.49737 -2.51560 -6.36110 -13.81271 -10.75147 -13.80344 -6.76151 -13.31399
2016 -20.05766 -12.92118 -8.49317 -11.20548 -5.15249 -4.24141 -8.90997 0.28523 -4.82394 -3.90683 3.66542 5.07793
2017 12.34968 18.45251 14.81016 22.36030 13.68657 14.35481 17.53625 19.83847 29.93630 10.71732 6.40639 12.49382
2018 17.64915 6.89410 2.44783 0.96565 10.47256 1.24025 6.41878 6.21744 -5.53277 18.49275 6.61125 -3.81516
2019 -5.32976 -12.01473 -7.78788 -2.49845 -9.55444 -13.33147 -11.31327 -13.83042 -12.05595 -15.06413 -13.42532 -6.96190
2020 -5.26182 1.64429 -0.55854 -26.26982 -23.17904 -10.81210 -7.89928 -8.88731 4.83457 -1.57730 2.65953 13.17319
2021 10.25065 10.25254 14.49727 43.66994 44.27137 39.55313 30.60139 32.99955 17.86077 24.29036 31.93673 18.32305
2022 15.51608 21.39055 17.51948 15.18162 18.93579 6.81761 7.62879 6.57865 2.12927 -6.25229 -12.83302 -11.59515
2023 -14.29974 -9.91486 -11.93657 -15.95643 -13.72871 -8.03162 -14.32287 -9.75363 -3.82212 4.65984 6.98693 5.60356
2024 16.85792 5.13644 2.62750 14.15977 10.86211 6.23829 13.47610 10.73183 7.29242 3.67781 3.01678 3.99627
2025 -7.92794 -1.28402 4.25243 2.41217 -0.70331 4.43833 4.89936 2.38093 10.51615 5.26052 6.56758 14.39454
2026 32.28889 30.88101 49.05217 48.58280 52.64164 70.67088 NA NA NA NA NA NA
