# OECD 기업경기실사지수 미국 (ISM 대용)
# 출처: OECD Data Explorer / SDMX API
#   dataflow  OECD.SDD.STES,DSD_STES@DF_CLI,4.1
#   key       USA.M.BCICP.IX._Z.AA.IX._Z.H
# 범위 1950-01 ~ 2026-09 (921개월) | Accessed 2026-10-08 | 갱신: scripts/oecd_kospi_monthly.py
#
# ⚠ 이것은 ISM 제조업지수가 **아니다.** ISM 은 2021년 라이선스 회수로 공개 소스가 없다.
#   OECD 기업경기실사지수(BCI)는 성격이 비슷한 대용품이다. 100 = 장기추세.
#   제오지산수의 "제" 자리에 쓸 때는 반드시 대용임을 밝힐 것.
#
# 형식: 연도 뒤 1~12월. 결측 NA.
1950 101.1431 101.6890 102.4168 103.4537 104.4990 105.1140 105.1372 104.4895 103.3503 102.4286 102.3992 102.8552
1951 103.2004 103.0779 102.1803 100.7033 99.4036 98.4201 97.9548 98.1061 98.5811 98.8772 98.8016 98.5077
1952 98.0399 97.4717 96.9765 96.7533 97.1239 98.0265 99.2639 100.4421 100.8384 100.9009 100.9002 100.8893
1953 100.8371 100.4182 99.8610 99.4824 99.1603 98.8455 98.3968 97.8073 97.1667 96.6308 96.3327 96.2987
1954 96.6360 97.2790 98.0506 98.7488 99.2601 99.5252 99.5583 99.6247 100.1195 100.8148 101.4491 102.0723
1955 102.5432 103.0136 103.2792 103.3721 103.2281 102.8597 102.6769 102.4840 102.3042 102.2623 102.2341 102.1753
1956 101.7742 101.3066 100.8424 100.2703 99.5416 98.9541 98.8412 99.3848 99.9546 100.1788 100.2594 100.1287
1957 99.8773 99.3764 98.7278 98.1899 98.0521 98.1990 98.3147 98.2891 98.0576 97.5385 96.9751 96.4149
1958 96.1182 96.3221 96.7845 97.4214 98.4195 99.4444 100.3017 100.9739 101.4933 101.8451 102.0010 102.1200
1959 102.4821 102.8812 103.1270 103.1983 103.0416 102.4556 101.5352 100.4175 99.5600 99.4427 99.9210 100.6534
1960 100.8213 100.0789 99.1149 98.3595 97.9530 97.9482 98.1196 98.3664 98.3860 98.2900 98.0982 97.9674
1961 98.0067 98.4085 99.3207 100.3785 101.0091 101.2539 101.4264 101.6894 101.9052 101.9256 101.8847 102.0018
1962 101.9142 101.7105 101.2881 100.6014 99.9731 99.5649 99.3635 99.2797 99.3932 99.7057 100.1370 100.4785
1963 100.5367 100.5445 100.6601 100.9370 101.1201 101.0104 100.7687 100.6709 100.7528 100.8194 100.7609 100.6634
1964 100.8231 101.0693 101.2908 101.3663 101.4521 101.6853 101.9873 102.1402 102.1042 101.9536 101.9124 101.9297
1965 101.9647 102.1014 102.2047 102.0265 101.7221 101.3866 101.2047 101.2109 101.3387 101.4144 101.6708 102.1404
1966 102.5764 102.7348 102.6024 102.1718 101.6183 101.3986 101.3662 101.2789 101.1184 100.7799 100.2765 99.7460
1967 99.1800 98.6667 98.2273 97.9965 98.1539 98.6017 99.1827 99.7421 100.1434 100.3064 100.4032 100.5183
1968 100.5739 100.5245 100.5224 100.6132 100.4725 100.2443 100.0840 99.9892 100.0918 100.4437 100.7148 100.7263
1969 100.6880 100.7448 100.7492 100.6695 100.6069 100.4555 100.2962 100.2833 100.2719 100.2078 99.9835 99.6130
1970 99.1463 98.7749 98.5679 98.5558 98.8275 99.1215 99.0409 98.6225 98.0633 97.6522 97.6213 98.1805
1971 98.9518 99.6706 99.9676 100.1764 100.2402 100.2331 100.2297 100.2239 100.2652 100.2869 100.3976 100.8365
1972 101.2657 101.5041 101.5403 101.5153 101.5099 101.4584 101.6192 102.0064 102.5610 103.1178 103.6029 103.8970
1973 103.9922 103.8308 103.5632 103.1573 102.6654 102.2098 101.8335 101.9997 102.3753 102.7488 102.8319 102.4828
1974 102.0441 101.6956 101.5620 101.2863 100.8719 100.5378 100.2036 99.6030 98.6394 97.5665 96.4694 95.5639
1975 95.2308 95.3733 95.7061 96.4308 97.2841 98.1181 98.8659 99.5701 100.0997 100.3749 100.5015 100.7389
1976 101.1522 101.4632 101.5001 101.4836 101.3047 101.0271 100.6686 100.3456 100.1230 100.0272 100.0701 100.3219
1977 100.4709 100.6552 100.9157 101.0559 101.1337 100.9895 100.7872 100.5177 100.3995 100.5294 100.7788 100.9963
1978 100.9130 100.7434 100.7376 101.0195 101.3929 101.6576 101.7886 101.7380 101.6800 101.6412 101.6029 101.4513
1979 101.2812 101.1273 100.9354 100.6499 100.2948 99.9275 99.5957 99.3289 99.1599 98.9939 98.7991 98.6406
1980 98.6533 98.4931 97.6336 96.4112 95.4247 95.3859 96.3360 97.8842 99.2966 100.2716 100.5445 100.1077
1981 99.5351 99.2677 99.3467 99.5915 99.6982 99.4370 98.9660 98.4728 97.7606 97.0954 96.6349 96.5410
1982 96.5773 96.5791 96.5055 96.4598 96.4313 96.5621 96.6670 96.7221 96.7819 96.9021 97.1905 97.8193
1983 98.6928 99.6146 100.1225 100.4247 100.7813 101.2685 101.8427 102.1622 102.3636 102.6306 102.8607 102.8180
1984 102.2573 101.8296 101.5632 101.4685 101.2731 100.9817 100.5399 100.0153 99.5967 99.4334 99.3891 99.3834
1985 99.3245 99.1817 98.9777 98.8435 98.7568 98.7659 98.8319 98.9756 99.2324 99.4654 99.5949 99.5863
1986 99.5646 99.5350 99.5152 99.5208 99.5851 99.4660 99.3999 99.5797 99.6677 99.6334 99.6214 99.7199
1987 99.9729 100.1271 100.3516 100.5755 100.7943 100.9561 101.1196 101.3358 101.5074 101.5703 101.4991 101.3770
1988 101.0469 100.7195 100.5296 100.5763 100.7578 100.9913 100.9645 100.7431 100.5540 100.5201 100.5395 100.5191
1989 100.3763 100.1490 99.8501 99.5621 99.1610 98.7592 98.4650 98.3416 98.3920 98.5053 98.6052 98.7142
1990 98.8532 99.0654 99.2331 99.2859 99.2097 99.0165 98.7094 98.4101 98.0901 97.7600 97.4350 97.1779
1991 97.0032 97.0242 97.2734 97.7255 98.3363 99.0550 99.5891 99.9694 100.0823 99.7976 99.2988 98.9694
1992 99.0950 99.5958 100.0114 100.1945 100.3159 100.2386 100.0825 99.8370 99.5834 99.6298 99.9464 100.2516
1993 100.4257 100.3380 100.0270 99.6553 99.4447 99.3174 99.3282 99.4377 99.6341 99.9344 100.2103 100.4631
1994 100.6360 100.7597 100.8680 100.9844 101.1029 101.1818 101.2025 101.2229 101.2904 101.3114 101.2044 100.9677
1995 100.7423 100.3627 99.8698 99.3816 98.9229 98.7802 98.8988 98.8484 98.7665 98.6120 98.4692 98.3916
1996 98.3684 98.4680 98.7067 99.0373 99.3320 99.5824 99.5606 99.5645 99.5767 99.6809 99.9391 100.1546
1997 100.1673 100.1245 100.1582 100.2740 100.4711 100.6053 100.7225 100.6587 100.5429 100.5508 100.4894 100.3429
1998 100.1784 100.0275 99.8959 99.7151 99.4737 99.2439 99.1348 99.0801 99.0133 98.9446 98.8952 98.9658
1999 99.2751 99.5801 99.8070 99.9898 100.1982 100.3326 100.3579 100.5017 100.7414 100.9266 101.0257 100.9852
2000 100.8293 100.6345 100.4416 100.2520 100.0212 99.8041 99.6541 99.4420 99.2493 99.0050 98.6341 98.0808
2001 97.6352 97.4686 97.5263 97.6279 97.7412 97.9914 98.2824 98.4887 98.3416 98.0193 98.1615 98.5984
2002 99.2043 99.8368 100.2616 100.4276 100.4394 100.2596 99.8734 99.6009 99.4665 99.4039 99.4800 99.6695
2003 99.6017 99.2339 98.8528 98.8009 99.0830 99.4404 99.8432 100.2433 100.5699 101.0374 101.5754 101.9805
2004 102.1308 102.1336 102.1310 102.1420 102.0876 101.9343 101.7269 101.4312 101.1424 100.9599 100.9221 100.9236
2005 100.7749 100.5774 100.3631 100.1369 100.0252 100.1693 100.3959 100.5584 100.8422 100.9603 100.8650 100.6520
2006 100.4784 100.4002 100.3685 100.3517 100.2132 100.0814 100.0238 99.9355 99.7520 99.5590 99.4223 99.4038
2007 99.3885 99.5012 99.6349 99.8250 99.9385 99.9486 99.8210 99.6368 99.4768 99.3619 99.2586 99.1717
2008 99.1590 99.0645 99.0398 99.1075 99.2524 99.3541 99.2625 98.8296 97.9568 97.0052 96.2529 95.8288
2009 95.8677 96.0934 96.4883 97.0893 97.7483 98.4154 99.1000 99.6679 99.9977 100.2309 100.3543 100.5857
2010 100.9190 101.1579 101.3573 101.2963 101.0095 100.6705 100.4809 100.4558 100.5695 100.8024 101.0500 101.2431
2011 101.3887 101.4427 101.3412 101.0798 100.6596 100.3934 100.1088 99.9236 99.7997 99.7067 99.7236 99.8440
2012 99.9814 100.0922 100.1490 100.1184 99.9257 99.6413 99.4734 99.4556 99.4596 99.3681 99.3143 99.4853
2013 99.8003 99.9608 99.8210 99.6038 99.5759 99.8000 100.1192 100.3972 100.5306 100.5696 100.5398 100.4040
2014 100.2238 100.2743 100.3825 100.4751 100.5362 100.5813 100.6844 100.8224 100.8386 100.8574 100.7596 100.4953
2015 100.2258 100.0128 99.8667 99.8270 99.8871 99.8788 99.7444 99.5452 99.3298 99.1347 98.9781 98.9227
2016 99.0107 99.2308 99.4743 99.6032 99.7147 99.7918 99.7020 99.5407 99.5884 99.7635 100.0401 100.3603
2017 100.6460 100.8102 100.7591 100.6039 100.6011 100.7772 100.9529 101.2096 101.3806 101.3485 101.3163 101.3749
2018 101.4245 101.4483 101.3299 101.2054 101.2501 101.3606 101.4201 101.5191 101.4317 101.2246 101.0124 100.7003
2019 100.5502 100.3866 100.2557 100.0360 99.8341 99.6522 99.4344 99.1605 98.9530 98.8868 98.9085 99.0135
2020 99.1802 99.0658 98.6582 98.2131 98.4409 99.2699 99.9728 100.4393 100.7385 101.0067 101.1703 101.3852
2021 101.5637 101.8014 101.9992 101.9574 101.8753 101.7399 101.6070 101.5603 101.6002 101.6023 101.5210 101.3207
2022 101.1458 101.0342 100.8712 100.6778 100.4642 100.1798 99.9706 99.8009 99.5730 99.3417 99.1215 98.9414
2023 98.7992 98.7090 98.6223 98.5844 98.5557 98.5601 98.6256 98.7350 98.7834 98.7113 98.6779 98.7569
2024 98.9039 98.9875 99.0853 99.0678 98.9880 98.8772 98.7587 98.7140 98.7141 98.7746 98.9557 99.1688
2025 99.3277 99.3117 99.1835 99.0720 99.0134 98.9956 98.9731 98.9955 99.0082 98.9854 99.0058 99.1867
2026 99.5532 99.7907 99.9183 100.0073 100.1193 100.2181 100.3444 100.3630 100.3444 NA NA NA
