# OECD Composite Leading Indicator (CLI), Normalized, Korea | 100 = 장기추세 | SA | Monthly
# 출처: OECD Data Explorer / SDMX API
#   dataflow  OECD.SDD.STES,DSD_STES@DF_CLI,4.1
#   key       KOR.M.LI.IX._Z.NOR.IX._Z.H
# 범위 1990-01 ~ 2026-09 (441개월) | Accessed 2026-10-08 | 갱신: scripts/oecd_kospi_monthly.py
#
# ⚠ FRED 미러(KORLOLITONOSTSAM)는 구 dataflow 4.0 을 보고 있어 2024-01 에서 멈춰 있다.
#   본가 4.1 을 직접 친다. 자세한 것은 README_OECD_CLI.md.
# ⚠ 버전이 오르면 과거까지 개정된다. 이어 붙이지 말고 통째로 갈 것.
#
# 형식: 연도 뒤 1~12월. 결측 NA.
1990 100.3434 100.3460 100.4046 100.4660 100.4942 100.4711 100.3769 100.2143 100.0019 99.7775 99.5798 99.4345
1991 99.3504 99.3503 99.4113 99.4992 99.5654 99.5618 99.4811 99.2775 99.0366 98.7785 98.5079 98.2509
1992 98.0467 97.9231 97.8885 97.8975 97.9243 97.9567 97.9955 98.0494 98.1252 98.2172 98.3217 98.4247
1993 98.5168 98.6266 98.7796 98.9849 99.2218 99.4727 99.7179 99.9419 100.1309 100.2782 100.3874 100.4676
1994 100.5319 100.6204 100.7466 100.9053 101.0703 101.2286 101.3783 101.5140 101.6284 101.7150 101.7506 101.7210
1995 101.6387 101.7306 101.8054 101.8589 101.8884 101.8900 101.8510 101.7663 101.6390 101.4731 101.2797 101.0675
1996 100.8469 100.6273 100.3938 100.1253 99.8177 99.4886 99.1608 98.8578 98.6048 98.4195 98.3129 98.2915
1997 98.3294 98.4137 98.5378 98.6976 98.8637 98.9759 98.9558 98.7514 98.3475 97.7949 97.1870 96.6355
1998 96.2343 96.0297 96.0252 96.1929 96.4989 96.9133 97.4061 97.9336 98.4551 98.9557 99.4693 100.0404
1999 100.6826 101.3715 102.0612 102.7021 103.2613 103.7182 104.0495 104.2265 104.2490 104.1372 103.9312 103.6429
2000 103.3003 102.9410 102.6155 102.3402 102.0866 101.8194 101.4913 101.0719 100.5472 99.9414 99.3113 98.7269
2001 98.2475 97.9429 97.8233 97.8330 97.9180 98.0546 98.2474 98.4934 98.7966 99.1779 99.6360 100.1383
2002 100.6388 101.0926 101.4557 101.6749 101.7437 101.6905 101.5537 101.3493 101.0974 100.7960 100.4438 100.0352
2003 99.5878 99.1775 98.8737 98.7067 98.6828 98.7895 98.9895 99.2399 99.4880 99.7065 99.8851 100.0208
2004 100.1139 100.1640 100.1823 100.1876 100.1772 100.1584 100.1335 100.0937 100.0341 99.9555 99.8791 99.8249
2005 99.8130 99.8470 99.8992 99.9553 100.0340 100.1535 100.3080 100.4828 100.6473 100.7771 100.8482 100.8501
2006 100.7818 100.6660 100.5275 100.3870 100.2611 100.1732 100.1466 100.1785 100.2266 100.2579 100.2583 100.2477
2007 100.2521 100.2999 100.3950 100.5384 100.7082 100.8711 100.9843 101.0078 100.9298 100.7403 100.4556 100.1068
2008 99.7237 99.3446 98.9931 98.6743 98.3862 98.1235 97.8984 97.7143 97.5684 97.4921 97.5541 97.8017
2009 98.2344 98.8127 99.4389 100.0501 100.5970 101.0649 101.4523 101.7504 101.9455 102.0354 102.0432 101.9897
2010 101.8879 101.7627 101.6379 101.5171 101.3960 101.2644 101.1121 100.9489 100.7875 100.6543 100.5796 100.5645
2011 100.5812 100.5776 100.5147 100.3924 100.2169 100.0014 99.7622 99.5083 99.2609 99.0419 98.8813 98.8130
2012 98.8332 98.9167 99.0218 99.1187 99.1845 99.2145 99.2102 99.1978 99.1940 99.2012 99.2286 99.2870
2013 99.3630 99.4637 99.5891 99.7079 99.7992 99.8474 99.8449 99.8141 99.7649 99.7202 99.6978 99.7036
2014 99.7203 99.7323 99.7307 99.7108 99.6827 99.6621 99.6626 99.6992 99.7709 99.8738 100.0004 100.1264
2015 100.2224 100.2885 100.3241 100.3293 100.3106 100.2777 100.2512 100.2353 100.2305 100.2259 100.2171 100.2053
2016 100.1970 100.2078 100.2415 100.2902 100.3517 100.4261 100.5109 100.6043 100.6958 100.7803 100.8726 100.9811
2017 101.0932 101.1915 101.2600 101.2882 101.2762 101.2324 101.1560 101.0551 100.9365 100.8054 100.6580 100.5107
2018 100.3854 100.2880 100.2064 100.1372 100.0709 99.9963 99.9180 99.8428 99.7688 99.6955 99.6348 99.5973
2019 99.5722 99.5501 99.5107 99.4460 99.3739 99.3080 99.2449 99.2044 99.1976 99.2308 99.2935 99.3626
2020 99.4058 99.4311 99.4538 99.4995 99.5910 99.7545 99.9813 100.2529 100.5463 100.8392 101.1221 101.3928
2021 101.6532 101.8861 102.0741 102.1943 102.2121 102.1177 101.9319 101.6906 101.4208 101.1563 100.9319 100.7550
2022 100.6091 100.4881 100.3804 100.2642 100.1167 99.9315 99.7221 99.4963 99.2373 98.9479 98.6585 98.4165
2023 98.2458 98.1688 98.1808 98.2574 98.3808 98.5202 98.6402 98.7491 98.8587 98.9779 99.1128 99.2580
2024 99.3991 99.5256 99.6231 99.6824 99.6969 99.6788 99.6351 99.5722 99.4972 99.4229 99.3670 99.3409
2025 99.3401 99.3591 99.3852 99.4138 99.4584 99.5163 99.5770 99.6486 99.7448 99.8872 100.0725 100.2962
2026 100.5666 100.8740 101.1982 101.5114 101.7873 101.9852 102.0682 102.0415 101.9428 NA NA NA
